14
0 39.6232 57.6975 17 62.2013 58.8303 77.4145 77.2787 57.1402 41.1947 100.896 5.38516 85.4225 67.5352 
39.6232 0 60.6383 56.0446 25.9422 57.5587 52.6972 98.4784 72.9452 3.60555 88.6002 44.911 59.0339 67.4759 
57.6975 60.6383 0 59.4643 59.8164 6.32456 45.5412 45.793 21.587 58.2409 46.8722 58.3095 52.6308 10 
17 56.0446 59.4643 0 77.0584 62.2896 87.9204 68.0074 52.5547 57.2713 105.551 11.6619 96.1353 69.4262 
62.2013 25.9422 59.8164 77.0584 0 54.6443 32.5576 104.005 77.8974 22.8473 73.0274 67.0671 36.7696 63.1348 
58.8303 57.5587 6.32456 62.2896 54.6443 0 39.2173 51.9711 27.8927 54.9181 43.2782 60 46.3249 10 
77.4145 52.6972 45.5412 87.9204 32.5576 39.2173 0 90.802 67.0522 49.0918 41.1947 80.9568 8.24621 43.566 
77.2787 98.4784 45.793 68.0074 104.005 51.9711 90.802 0 26.1725 97.0824 78.0256 74.5453 97.3088 47.7598 
57.1402 72.9452 21.587 52.5547 77.8974 27.8927 67.0522 26.1725 0 71.3442 63.5689 55.7315 74.2159 27.1662 
41.1947 3.60555 58.2409 57.2713 22.8473 54.9181 49.0918 97.0824 71.3442 0 85.1645 46.3897 55.4437 64.7765 
100.896 88.6002 46.8722 105.551 73.0274 43.2782 41.1947 78.0256 63.5689 85.1645 0 102.65 40.8044 37.5899 
5.38516 44.911 58.3095 11.6619 67.0671 60 80.9568 74.5453 55.7315 46.3897 102.65 0 89.0505 68.2642 
85.4225 59.0339 52.6308 96.1353 36.7696 46.3249 8.24621 97.3088 74.2159 55.4437 40.8044 89.0505 0 49.6588 
67.5352 67.4759 10 69.4262 63.1348 10 43.566 47.7598 27.1662 64.7765 37.5899 68.2642 49.6588 0 
